
改为tensor方式

[[19.244825 19.36285  19.364748 ... 23.014177 22.883556 22.725931]
 [19.318293 19.358448 19.3413   ... 22.729984 22.749123 22.641764]
 [19.269    19.278437 19.225498 ... 22.685883 22.734884 22.825909]
 ...
 [21.132484 21.081028 21.039352 ... 36.75595  37.11228  36.834606]
 [21.305046 21.21981  21.155415 ... 37.082863 37.315742 36.839725]
 [21.47564  21.473564 21.251593 ... 36.89086  37.18303  36.96508 ]]
---------------------------



[[19.242254 19.359768 19.361717 ... 23.01543  22.884455 22.726692]
 [19.315489 19.355381 19.33841  ... 22.730562 22.749466 22.641945]
 [19.266155 19.275791 19.222881 ... 22.687126 22.736063 22.82703 ]
 ...
 [21.13358  21.081491 21.039894 ... 36.756565 37.11251  36.835262]
 [21.305809 21.220665 21.156181 ... 37.08287  37.315292 36.840523]
 [21.477427 21.475475 21.252766 ... 36.89084  37.183086 36.965244]]

---------------------------













'''
[[19.246492 19.362133 19.358393 ... 23.054087 22.929256 22.769178]
 [19.322468 19.360275 19.34665  ... 22.796637 22.823673 22.71959 ]
 [19.341314 19.340403 19.277624 ... 22.778057 22.808292 22.892504]
 ...
 [21.140884 21.111273 21.032698 ... 36.627335 36.930492 36.71064 ]
 [21.369543 21.270836 21.19141  ... 36.854298 37.074577 36.664436]
 [21.52442  21.503588 21.305729 ... 36.676926 36.94377  36.76668 ]]
---------------------------



[[19.246334 19.362324 19.35861  ... 23.054121 22.929005 22.768932]
 [19.32246  19.360374 19.346752 ... 22.796583 22.823536 22.71948 ]
 [19.340818 19.340147 19.277285 ... 22.77869  22.808851 22.8931  ]
 ...
 [21.14071  21.111935 21.034225 ... 36.62946  36.93248  36.712265]
 [21.36939  21.27055  21.191587 ... 36.85672  37.076485 36.666298]
 [21.52452  21.503498 21.304907 ... 36.67904  36.94589  36.76844 ]]

'''

